0
2
16
51
74
84
85
99
107
108
110
128
132
137
138
166
167
169
183
189
192
195
204
207
291
304
314
322
335
337
338
344
346
385
389
392
414
433
435
449
455
470
516
517
543
555
559
564
568
583
599
616
630
631
639
655
667
689
724
737
742
747
760
770
771
779
787
794
803
833
839
849
895
908
920
925
952
967
969
977
987
1001
1020
1021
1025
1046
1063
1073
1081
1084
1099
1102
1110
1111
1117
1119
1124
1127
1132
1153
1154
1158
1170
1173
1177
1211
1214
1217
1219
1237
1241
1245
1258
1263
1282
1290
1294
1317
1320
1322
1326
1349
1380
1383
1397
1398
1427
1457
1477
1479
1485
1497
1498
1504
1578
1585
1586
1594
1595
1604
1613
1636
1652
1672
1711
1715
1725
1727
1760
1769
1793
1811
1817
1822
1842
1848
1854
1875
1878
1889
1900
1910
1931
1937
1973
1976
1986
1988
1998
2006
2010
2014
2021
2040
2058
2074
2077
2092
2103
2123
2125
2137
2156
2162
2176
2183
2191
2193
2200
2204
2205
2206
2237
2246
2259
2260
2272
2282
2286
2304
2324
2334
2340
2341
2343
2347
2366
2369
2378
2392
2401
2408
2425
2434
2446
2465
2478
2484
2487
2513
2518
2526
2544
2545
2567
2588
2590
2601
2603
2617
2620
2623
2630
2638
2639
2650
2667
2670
2692
2698
2704
2707
2719
2736
2737
2740
2749
2751
2753
2763
2776
2805
2816
2833
2866
2871
2882
2883
2884
2890
2910
2913
2946
2950
2952
2958
2975
2978
3012
3061
3074
3088
3100
3114
3124
3137
3153
3154
3157
3175
3189
3214
3215
3218
3219
3225
3273
3277
3315
3316
3364
3365
3367
3384
3392
3393
3406
3429
3431
3432
3452
3476
3478
3479
3516
3523
3535
3540
3547
3564
3576
3606
3611
3650
3654
3659
3724
3730
3754
3758
3760
3805
3810
3820
3836
3840
3846
3861
3882
3909
3910
3914
3935
3936
3940
3971
3985
3987
3993
3995
3999
4022
4039
4041
4044
4057
4060
4105
4111
4137
4199
4212
4222
4232
4289
4290
4313
4337
4345
4352
4361
4370
4382
4397
4421
4438
4444
4449
4456
4462
4471
4489
4500
4501
4514
4556
4575
4582
4629
4630
4643
4650
4652
4702
4719
4743
4759
4762
4765
4786
4813
4818
4821
4827
4832
4854
4856
4878
4882
4886
4888
4896
4913
4915
4916
4934
4940
4944
4957
4959
4983
4992
4997
5000
5018
5021
5032
5034
5062
5063
5068
5086
5109
5154
5179
5182
5196
5198
5212
5218
5248
5257
5258
5289
5290
5312
5319
5333
5366
5397
5411
5418
5422
5425
5440
5442
5457
5460
5471
5484
5488
5490
5492
5500
5502
5515
5555
5557
5562
5567
5569
5595
5605
5647
5649
5684
5687
5693
5695
5709
5718
5720
5729
5744
5754
5761
5766
5767
5768
5786
5793
5804
5832
5849
5855
5857
5864
5875
5881
5894
5900
5906
5928
5929
5932
5933
5975
5980
5981
5982
5990
6024
6026
6031
6034
6059
6067
6071
6083
6085
6101
6106
6132
6148
6166
6174
6185
6192
6196
6227
6256
6270
6272
6274
6283
6292
6299
6303
6323
6330
6354
6359
6367
6369
6374
6378
6395
6431
6434
6458
6460
6471
6475
6482
6487
6517
6526
6555
6594
6609
6633
6652
6656
6662
6665
6686
6689
6694
6695
6697
6702
6703
6705
6710
6741
6768
6769
6788
6790
6805
6824
6827
6832
6833
6848
6854
6876
6901
6907
6909
6910
6930
6948
6956
6965
6968
6977
6978
7030
7041
7052
7075
7081
7087
7095
7098
7104
7118
7120
7160
7171
7174
7181
7189
7193
7244
7251
7257
7262
7263
7268
7292
7294
7310
7311
7324
7333
7339
7355
7359
7386
7393
7395
7402
7406
7414
7422
7423
7428
7441
7453
7456
7465
7467
7469
7480
7486
7488
7495
7497
7504
7505
7506
7509
7514
7521
7530
7534
7548
7550
7553
7555
7570
7587
7590
7603
7608
7613
7626
7643
7650
7696
7704
7717
7727
7728
7735
7736
7797
7799
7802
7825
7828
7829
7837
7843
7846
7857
7873
7875
7879
7924
7932
7934
7936
7940
7942
7943
7949
7969
7981
7985
7988
8029
8037
8055
8064
8079
8087
8090
8092
8110
8129
8151
8158
8166
8182
8188
8202
8224
8226
8246
8248
8266
8267
8271
8276
8302
8307
8337
8360
8364
8378
8401
8406
8411
8435
8440
8450
8472
8476
8491
8502
8510
8521
8553
8564
8565
8570
8575
8613
8616
8618
8620
8624
8643
8645
8651
8680
8713
8723
8729
8731
8740
8755
8761
8786
8790
8792
8795
8807
8834
8851
8874
8875
8880
8887
8891
8915
8928
8940
8945
8953
8961
8963
8967
8978
8979
8999
9032
9046
9049
9056
9067
9089
9099
9123
9125
9147
9148
9174
9175
9208
9210
9211
9218
9227
9240
9248
9252
9298
9320
9326
9332
9341
9383
9400
9401
9416
9435
9436
9441
9475
9490
9492
9517
9550
9567
9601
9612
9616
9618
9626
9635
9640
9690
9697
9725
9732
9786
9806
9808
9812
9815
9833
9841
9842
9859
9860
9885
9889
9897
9904
9914
9922
9926
9930
9937
9946
9948
9949
9965
9966
9970
9976
9978
9987
9989
